/*********************************************
 * OPL 12.8.0.0 Data
 * Author: VincentMorel
 * Creation Date: Feb 18, 2019 at 1:05:37 PM
 *********************************************/

 Tickers = {"VAB","XHY","CSD"};
 
 Duration = [7.5, 3.51, 2.12];
 Yield = [2.77, 5.5, 5.23];
 MER = [0.13, 0.67, 0.61];
 
 Jours = 501;
 
 Prices = [ 
 
 [0
-0.059999
-0.030001
-0.039999
0
0.08
-0.09
-0.033998
-0.029913
-0.039883
0.069796
-0.079766
0
-0.089733
-0.019941
0.03988
-0.019939
0.029911
0.029911
0.009972
-0.029913
0.009971
0
0.029911
0.01994
0.099705
-0.149556
-0.049852
0.029911
-0.073004
-0.019907
0
0.059719
0.059718
-0.119437
-0.069669
-0.069674
-0.069672
0.059721
0.09953
0.009952
-0.019905
-0.029859
0
-0.059718
-0.08958
-0.049765
-0.027221
-0.00993
0
-0.039719
0.039719
-0.019861
0
0
0.019861
0
-0.029793
-0.039718
-0.079438
-0.049652
0.029791
-0.05958
0
-0.009931
0.029792
-0.059579
0.069507
-0.019859
0.055609
0.089134
0.029712
-0.099039
0.009903
0
-0.039615
-0.019806
0.009903
-0.009903
0.009903
-0.019806
0.039614
0
-0.118849
0
-0.049519
0.069327
0.06933
0.079231
-0.059425
0.099039
0.027731
-0.019766
-0.079064
0.019766
0.02965
0.009884
0.009882
0.049416
0.069181
0
0
0
0.019766
0.03953
0.009883
0.08895
-0.009884
-0.009884
-0.03953
-0.028662
-0.078876
0.019718
0.03944
0.049299
0
-0.009862
-0.039437
0.049299
-0.029581
0.029581
-0.029581
-0.088737
0.009861
0.029577
-0.059156
-0.039438
-0.019719
0.049296
-0.029577
-0.019719
0.049296
0.028593
0
-0.019671
0.019671
0.118025
-0.029503
0.088518
0.09835
-0.059011
0.01967
-0.029508
0.009838
-0.01967
-0.019669
-0.009834
0
0.07868
-0.029507
-0.029507
0.009837
-0.039341
0.044258
0.088325
-0.039255
0.019629
-0.039256
0
-0.058885
0.058885
-0.088325
-0.009813
-0.098139
-0.078511
0.009812
-0.019631
-0.009811
0.029442
-0.039255
0.107954
-0.039257
0.039257
0.009813
-0.059862
0.117474
-0.176218
-0.088105
-0.039161
-0.06853
-0.088108
-0.019579
-0.029369
0.019577
0
0.117479
0.058739
-0.039156
-0.019583
0.058739
0.009791
0
0
-0.06853
0.009793
0.088106
-0.020561
-0.029293
-0.068362
0.058594
0.009768
-0.029297
0.048828
0.068359
0.058596
-0.058596
0.029297
-0.087894
0.068363
0.019531
0.048828
-0.00976
-0.058599
0.009769
0.078125
0.06836
0.068361
-0.049805
-0.048711
-0.155875
0.09742
0.058455
-0.165616
0.116906
0.04871
0
0
-0.068196
-0.077934
-0.068197
-0.029227
0.038968
-0.029229
0.048712
0.048712
0.038969
0.048712
-0.077935
-0.087682
0.038971
-0.015591
-0.077797
-0.048618
0.019447
0.048624
-0.11669
-0.009725
0.077791
-0.019447
-0.019446
0
-0.009721
0.048614
0.038899
-0.019448
0.00972
0.087521
-0.009724
0.058344
0.006809
0
-0.019392
0.029085
-0.029085
-0.009693
0.019388
0.038782
0.009699
-0.019392
-0.019392
0.029085
-0.009693
-0.038784
0.038784
0
0.09696
0.029087
-0.038788
0.106657
0.009692
0.055267
-0.038687
-0.038687
0.029015
0.087044
0.09672
0.029016
-0.058029
0
-0.029019
0.019347
-0.019347
0
-0.029014
-0.038691
-0.058027
0.038687
0.009672
0
0.019344
-0.077375
-0.005806
-0.028954
-0.019296
-0.04825
-0.057906
0.023165
-0.048147
0.086668
-0.048149
-0.048147
0.038515
0.048143
0.057777
0.019263
-0.048149
-0.057774
-0.01926
-0.048144
0.009629
-0.019261
-0.077036
-0.057766
-0.019266
-0.038513
0.028889
-0.028889
0.059698
-0.067245
0.038431
-0.048041
-0.009603
-0.067247
-0.057641
-0.019214
0
0
-0.048035
-0.009611
0.028822
0.038429
-0.08646
0
0.048031
0.038429
-0.076856
0
-0.009604
0.054756
-0.038345
0.038345
-0.009586
0.038345
0.019177
0.038343
0.009587
0.095867
-0.028765
0.162971
-0.095863
0.115042
0
-0.009592
-0.057518
0
-0.019167
0.047928
-0.067105
0.036427
0.038256
-0.009566
-0.009563
-0.038252
0.047815
0
0.019125
-0.105192
-0.047815
0.095628
0
-0.047813
-0.06694
-0.133883
-0.009559
0.066936
0.105198
-0.066944
0.172134
0.03825
-0.016254
-0.009543
0.028624
-0.038168
-0.009537
-0.04771
0.114498
-0.009539
-0.009544
-0.009544
0.09542
0
-0.019088
0.152666
0
0.095419
0.047708
0.181288
-0.028624
-0.047708
0
-0.031492
-0.095177
0.047583
0
-0.009514
-0.123741
0.142778
0.05711
0.03808
0
0.057106
-0.028553
0
-0.076147
0.019033
-0.009519
0
-0.028553
-0.019041
-0.047587
0
0.040924
-0.018993
-0.009491
-0.208952
-0.009495
0.009495
-0.037985
0.018997
0.018988
0.075985
0.037987
0.0095
0
0.037985
-0.151953
0.075974
-0.056984
0.009499
-0.066479
0.047485
0.037989
-0.03324
0.037903
0
-0.075811
0.037908
-0.085298
-0.047384
-0.094777
0.01896
0.075817
-0.05686
-0.009482
-0.028435
-0.085292
0
0.056865
-0.066343
0.066343
-0.066343
-0.028433
-0.009472
-0.072035
-0.018899
-0.028376
-0.066197
0.009455
-0.094566
-0.075644
0.104021
0
0.037825
0.05674
0.056742
0
-0.018916
-0.00946
0.094561
-0.028367
0.066195
-0.104969
-0.066053
-0.037753
0.009436
-0.018877
-0.066061
0.018877
0.047184
0.066071
0],
 
[0.019814
0.009907
-0.217942
0
0.019812
-0.056469
-0.009861
-0.029577
0.01972
0.138044
-0.029581
-0.088745
-0.039438
-0.059164
0.029583
0.049301
-0.03944
0.01972
-0.069023
-0.138045
-0.374689
0.009859
-0.009859
0.059162
-0.086773
-0.127561
0.137373
0.098125
0.078497
0.255123
0.00981
0.078499
-0.019623
0.068685
-0.156995
0
-0.029438
0
0.147184
-0.029436
0.127558
-0.176623
-0.049061
0.098126
-0.078499
-0.066725
-0.175783
0.029297
0.224609
-0.087887
0.048827
0.048828
0.039066
0.019529
0.019532
0.087892
0.029299
0.117189
0.009764
-0.097658
-0.019531
0.068361
-0.068361
-0.11719
-0.009765
0.068361
-0.048828
0.058592
0.001957
0.155521
0.048603
-0.097202
0.01944
0.087482
-0.00972
-0.077762
0.068042
-0.087482
-0.087485
0.145804
0.087484
0.029164
0.155523
-0.087481
0.097203
-0.058321
-0.019444
-0.038883
0
0
0.029163
-0.058321
-0.00972
0.011664
0.087084
-0.048382
0
-0.029028
-0.029024
0
-0.038708
0
0.02903
0.009678
0.009674
-0.07741
0.058058
-0.038706
0
0.038704
-0.048155
-0.01926
0.01926
-0.048153
0.038525
-0.009632
-0.057789
0.048159
-0.067419
0.01926
0.09631
-0.057782
-0.009632
-0.028896
-0.028889
0.019259
-0.048155
0.077051
-0.067419
-0.038525
0.019263
0.022154
-0.057528
0.047939
-0.019178
-0.047934
0.047934
0.00959
0
-0.038351
-0.105459
0.028763
0.028757
0.019178
-0.115049
-0.086287
0.019175
-0.019175
0.019175
0.153398
0.057524
-0.095871
0.155315
-0.028635
-0.057256
0.009542
0.076349
-0.028635
-0.00954
-0.047716
-0.019091
-0.038175
-0.02863
0
0.009543
0
0.019087
-0.009545
-0.133615
0.047723
-0.104982
0.057259
0.028631
0.001911
0
0.066498
0.009502
-0.018999
-0.085501
0.038001
0.104499
-0.038
0.0665
-0.113998
0.047498
-0.066499
-0.009501
-0.009499
0.009499
0
0
0.028502
-0.019001
-0.047505
0.028505
-0.017101
0.066195
0.141849
-0.056742
0.028372
-0.009456
0.047285
-0.009459
-0.066194
-0.075655
-0.085108
-0.056738
0.018911
0.08511
-0.141851
-0.037825
0.018915
-0.00946
-0.009455
0.12294
-0.189136
0.051061
0.094143
0.009417
-0.047066
0.065895
0.037655
-0.018828
0.065899
0.028241
-0.037655
-0.028244
-0.047068
0.028238
-0.028238
0.018827
-0.009412
0.047067
-0.028244
0.028244
0.01883
-0.150626
0.009415
0.093701
0.056226
-0.103079
-0.065589
-0.065588
0.056219
-0.13118
0.074961
0.131177
0.084334
-0.140551
0.131178
0.131184
0.028114
-0.028114
0.037481
0.187401
-0.112438
0.010305
0.018654
-0.093279
0.037315
-0.018661
0.018661
-0.055969
-0.074625
0.139919
0.03732
-0.03732
0.03732
0.046632
0.055968
-0.074625
-0.018656
0.027985
0
-0.046639
0.021454
-0.027859
-0.018575
-0.065009
0.046429
0
-0.065004
0.009287
0.02786
-0.037147
0.102159
-0.018575
0.009288
-0.009288
-0.009291
0
0.009291
0
0
0.018575
-0.046436
0
0.08358
-0.130016
0.002788
-0.055479
0.055479
-0.046238
-0.092464
-0.018492
0.055475
0
-0.046224
0.101705
0.157192
-0.018491
0.055473
0
-0.009243
-0.027739
-0.036985
0.110956
-0.046232
-0.064724
0.120199
-0.018406
-0.02761
0.009197
0.073646
-0.009208
-0.064438
-0.03682
0.027623
0.018407
-0.00921
-0.03682
0
-0.018411
0.036827
0
-0.018416
-0.018411
-0.027615
0.055231
-0.055231
0.010132
-0.018326
0.03665
-0.018324
-0.036665
0.009172
-0.018333
0
-0.045824
0.027494
-0.045818
0.036655
0.009163
-0.073312
0.091642
-0.064148
-0.036661
0.036661
-0.018333
-0.009161
-0.045826
-0.020159
0
-0.027373
-0.009115
-0.045612
0.109466
0.009127
-0.118593
-0.009125
-0.036491
0.164209
0.027357
0.118595
-0.018247
-0.009121
-0.018248
0.018248
0.01824
-0.009119
-0.036486
0.009117
-0.091219
0.062033
0
0.018162
0
-0.063572
0
-0.081726
0.054489
-0.099896
-0.063558
0.045406
0.018152
0.036328
0.054487
-0.027245
-0.00908
-0.027239
0.009077
-0.018152
-0.027247
-0.009993
-0.018075
0.099433
0.036156
-0.018074
0.027119
-0.009045
0.018086
-0.045199
0.009039
-0.018082
0.036156
0.03616
-0.054234
-0.027122
0.072317
-0.072317
-0.01808
0.063276
-0.018074
-0.009039
-0.045202
-0.044291
-0.044996
-0.009004
-0.017996
0.053987
-0.053987
0
0
0.027
-0.063
0
-0.036001
0
0.062996
-0.035993
0.026996
0.027001
-0.062996
0.053997
-0.044998
-0.018008
-0.089994
0.044994
-0.107508
0.026881
0.098545
-0.03583
0.0448
-0.089598
0.098555
-0.071676
-0.008961
-0.017918
0.017918
-0.035835
-0.008961
-0.01792
-0.044797
-0.026873
-0.026878
-0.053757
-0.01792
-0.008917
-0.026763
0.115947
-0.044595
0.044595
-0.107021
-0.115942
0.107016
0.008926
0.008919
0.053507
0.09811
0.071346
0.071346
-0.008915
0.06243
-0.107016
0.008913
0.053511
-0.044594
0
-0.035675
-0.082941
-0.01775
0.01775
0.053266
-0.079895
0.071017
-0.071017
-0.035516
0.017759
0.026636
0.008871
-0.071016],
 
 [0.02
0
0.030001
-0.050001
0
0.1
-0.129999
-0.050001
0.02
0
-0.047998
-0.009957
0.009957
-0.019911
0.059729
-0.049775
0.009957
-0.029867
-0.029866
0.029866
-0.029866
0.039822
-0.069687
-0.079639
-0.149329
-0.049774
-0.019911
0.119461
-0.129417
-0.05047
-0.019816
0.009907
0.019815
0.13871
0.059449
0.16843
-0.07926
0.04954
0
0.049537
0
0.039633
-0.148619
0.009909
0.009907
0.049539
-0.059446
0.019816
0
-0.069355
0.002971
-0.02959
0.059183
0
-0.029593
0.029593
0.009865
0.019725
0.019728
0.177549
-0.029594
0
-0.029589
0.019726
-0.009861
-0.059183
-0.009867
0.078911
-0.108501
-0.019726
0.009865
0.009861
0.02959
0.001974
0.029461
0
0
0
0.009821
0.009819
-0.01964
0
0.01964
-0.039282
0.127661
-0.07856
0.068743
0
0.019638
-0.009821
-0.019638
0
-0.029461
0.009819
-0.01964
0.009821
-0.009821
0
0.012766
0.078221
-0.078221
-0.039106
0
0
-0.009779
0.048885
0.019554
-0.068439
0.039106
-0.019552
-0.019554
0.019554
-0.029331
0.03911
-0.007822
0.038935
-0.029202
-0.029201
-0.058405
0.019466
0.009733
-0.029199
0.009733
0
0
-0.009733
0.019466
0.009733
0
-0.038934
0.019468
-0.038937
0
0
0.038937
-0.058407
0.003893
-0.038769
0.067848
-0.058155
0.135695
-0.126005
-0.038769
0.038769
-0.038769
0.029079
-0.038772
-0.009693
0.009693
-0.048462
-0.019385
0
0
0.00969
0.019386
0.019383
0.019388
0.022291
0.009649
0.038605
-0.048254
0.009649
0
0
-0.009649
-0.009647
0
0.154409
-0.164061
-0.028951
0
0.009647
0.12546
-0.077208
0.009653
-0.019302
0
-0.04825
0.011581
-0.038435
0
0.028828
-0.038433
0
-0.019221
0.105694
0.009606
-0.038433
-0.019213
-0.028828
0
-0.009605
-0.009611
0
0.019216
-0.019216
0.009611
-0.009611
-0.019219
0.048042
-0.065334
0.057398
-0.047831
0.14349
-0.028696
0.009564
-0.009564
-0.028702
-0.028698
-0.01913
-0.028698
0.009563
0.009567
-0.009567
0.038265
0.009568
-0.086096
-0.019129
-0.009569
0.019133
0.038265
-0.051657
0.02858
-0.038105
0.01905
0.028578
-0.009523
-0.009527
0.009527
0.057161
-0.02858
-0.038108
0.028577
-0.009527
-0.009523
0.047628
-0.057155
0.028577
-0.01905
0
0
0.009523
-0.006668
-0.009485
0
-0.00948
-0.056917
-0.009485
-0.009487
-0.018969
0.094858
-0.056917
0.056917
-0.028457
0.047422
0.056913
0.018971
-0.037945
0.037945
0.01897
0.037939
-0.024658
0.056675
-0.075565
0.009441
0
0
0.047232
0.047226
0
0.018894
-0.06612
0.06612
-0.113352
0.009449
0.009449
0.028334
-0.047232
0
0.056675
-0.070844
-0.028218
0.112883
-0.150507
-0.009403
0.028217
-0.009409
-0.009405
0.018814
0.122286
-0.112877
-0.009409
0.009409
0
-0.018818
0
0.065847
-0.028221
0
-0.018808
0.028217
-0.047035
0.037626
0.047037
-0.032926
0.018743
-0.074951
0
-0.084312
0.028106
0.037472
-0.028105
-0.018735
0.065574
0.074951
0.009364
-0.037474
0.074941
-0.028104
-0.009363
0.037467
-0.037467
0.009363
0
0.05059
-0.037319
0.01866
0.009328
-0.083963
0
0.083963
0.046645
0
-0.065304
-0.018662
-0.009321
-0.055982
-0.018654
0.009329
-0.009329
0.009329
-0.018658
0.009329
0
0.027988
-0.041984
-0.018582
0.05575
-0.009293
0.009293
0.009291
-0.046459
0
-0.009291
-0.027874
0.018583
0.018582
-0.018582
0.027876
0.037165
-0.065041
0.009291
-0.009291
0.018582
0.018581
-0.065033
-0.025089
0
-0.009253
-0.027756
-0.027751
0.055507
0.009253
-0.037009
-0.03701
0
0.083273
0.037008
0
-0.00925
0.027752
0.018505
-0.027758
0.027758
-0.046257
-0.009255
-0.009254
-0.009249
0.004626
0.036855
0.027647
-0.092148
0.018429
-0.027637
-0.009217
-0.018432
-0.036858
0
0.046076
0
0.036856
-0.073715
0.036859
0.046068
-0.046068
0.027639
-0.027639
0.009214
-0.032249
-0.082594
0.045887
0.045883
-0.018356
0.00918
0.045887
-0.00918
-0.009174
-0.009179
-0.018354
0
0.064232
-0.027525
-0.009174
0.055057
-0.08259
0.009176
0.073414
-0.073414
-0.064243
0.100954
-0.069742
-0.018282
0.027414
0
0.009138
-0.009138
0.009138
0
0.009138
-0.09139
0.018282
-0.045698
0
0.091398
-0.018282
0.018282
-0.063982
-0.009136
0.027418
0.0457
-0.0457
-0.018282
-0.053007
0.018205
-0.018205
0.027307
-0.063703
0.009101
0.054602
-0.0182
-0.054605
-0.0091
0
-0.027302
0.009102
-0.018204
0.018204
0.0273
-0.081898
-0.063702
0
0.03913
-0.018122
0.009058
0.045311
0.045313
-0.045313
0.045313
-0.144993
0.054369
-0.018124
-0.036245
0.054369
0.081554
0.045315
0
0
0
-0.081558
0
0.036243
0
0.00907
0.054371
-0.040785
-0.009016
0.018043
-0.045118
0.036091
-0.018046
0.027073]
 
 ];